CoverageEfficiency_percent: 39.589589589589586
ExplorationTime_seconds: 2.833
RedundancyRate_percent: 71.93426042983565
ExplorationUniformity_std: 0.3712509929480506
explored_cells: 791
total_free_cells: 1998
overlapped_cells: 569
final_coverage_fraction: 0.3958958958958959
TimeToFirstVictim_seconds: 0.6044456958770752
EnergyEfficiency_percent: 41.25
HighlyRedundantVisits_percent: 50.94816687737042
victims_detected: 4
total_victims: 6
